{
  "best_epoch": 19,
  "val_loss": 0.33958839171069266,
  "val_accuracy": 0.9085072231139647,
  "test_loss": 0.3518059067926412,
  "test_accuracy": 0.9026217228464419,
  "epochs_ran": 20
}